3088.19995
3093.40186
3169.69995
3181.10010
3247.54004
3273.96191
3279.82007
3307.22827
3323.75000
3334.87
3337.84009
3350.92432
3376.43579
3378.28003
3417.90356
3447.70288
3454.18994
3466.58008
3472.57104
3476.74731
3501.217
3509.77856
3520.472
3520.50000
3530.38989
3535.31958
3548.51440
3554.30591
3556.90405
3559.50806
3561.03052
3568.53
3582.35449
3588.44067
3600.16919
3622.13745
3639.83301
3655.27832
3660.43701
3664.11
3678.27002
3680.06079
3694.20
3709.64
3713.08
3718.207
3720.42651
3727.08
3729.30859
3737.889
3763.50537
3765.270
3766.119
3766.29
3770.52002
3777.13
3780.840
3803.17
3829.77
3834.679
3850.581
3868.528
3891.980
3925.719
3928.623
3932.547
3946.097
3947.505
3948.979
3974.477
3979.356
3992.054
3994.792
4013.857
4022.66
4033.809
4035.460
4038.804
4042.894
4044.418
4045.965
4052.921
4062.84
4079.574
4080.645
4082.387
4097.140
4103.912
4112.815
4128.640
4131.724
4156.086
4158.591
4164.180
4174.37
4179.297
4181.884
4198.317
4200.675
4217.431
4218.665
4219.76
4222.637
4226.988
4228.158
4229.870
4231.60
4237.220
4251.185
4259.362
4266.286
4272.169
4277.528
4282.898
4290.40
4300.101
4309.239
4331.200
4333.561
4335.338
4345.168
4348.064
4352.205
4362.066
4367.832
4370.753
4375.954
4379.50
4379.667
4385.057
4391.94
4397.94
4400.097
4400.986
4409.30
4413.20
4420.912
4426.001
4428.54
4430.189
4430.90
4433.838
4439.461
4448.879
4474.759
4480.36
4481.811
4490.982
4498.538
4502.927
4509.39
4510.733
4522.323
4530.82
4536.552
4545.052
4545.08008
4563.743
4579.350
4589.899
4596.097
4598.763
4609.567
4628.441
4637.233
4651.130
4656.3923
4657.901
4702.316
4704.395
4715.344
4721.59082
4726.868
4732.053
4735.906
4752.7313
4764.865
4806.021
4821.924
4827.34
4837.312
4847.810
4865.911
4876.261
4879.864
4884.915
4888.261
4889.042
4904.752
4909.726
4933.209
4942.92139
4956.750
4957.033
4965.080
4972.160
5005.160
5009.334
5016.61
5017.163
5031.3484
5037.7505
5048.813
5054.178
5060.079
5062.037
5074.200
5080.383
5090.495
5105.541
5105.541
5113.675
5116.503
5118.202
5125.765
5141.783
5145.308
5151.391
5153.235
5153.235
5158.89
5162.285
5165.773
5176.229
5177.540
5187.746
5188.612
5193.18
5203.895
5208.863
5214.774
5218.202
5221.271
5222.351
5234.028
5241.091
5252.788
5254.465
5264.782
5274.04
5280.09
5286.887
5292.517
5298.190
5304.756
5305.688
5317.726
5326.396
5329.698
5330.77734
5330.778
5341.08984
5343.284
5345.81
5347.412
5349.21
5352.67
5358.363
5360.012
5372.31
5373.494
5374.975
5387.37
5393.560
5393.971
5397.516
5400.56152
5402.605
5407.344
5410.473
5412.66
5418.56
5421.352
5433.65
5439.989
5442.248
5443.24
5451.652
5454.307
5457.416
5467.161
5473.452
5490.119
5494.41
5495.874
5506.113
5524.957
5528.93
5534.45
5540.90
5554.050
5558.702
5572.541
5577.685
5581.871
5588.720
5597.476
5601.122
5606.733
5618.010
5620.913
5623.778
5625.678
5637.32
5639.14
5641.375
5648.686
5650.704
5652.57
5654.457
5656.659
5659.127
5662.547
5672.952
5681.900
5689.81641
5689.91
5691.661
5700.24
5700.873
5712.48
5719.225
5738.387
5739.520
5748.29834
5760.59
5764.41895
5772.114
5774.009
5782.130
5783.536
5786.555
5789.474
5802.080
5804.449
5811.42
5812.760
5820.15576
5828.91
5834.263
5843.778
5852.48779
5860.310
5870.454
5881.89502
5882.624
5888.584
5902.464
5912.085
5916.599
5927.126
5928.813
5940.855
5942.669
5944.83398
5949.258
5964.472
5965.474
5968.320
5971.601
5975.534
5975.53418
5981.924
5985.914
5987.302
5989.339
5994.66
5998.999
6005.724
6013.678
6025.150
6029.9971
6032.127
6043.223
6044.468
6046.898
6052.723
6059.373
6064.751
6074.3377
6081.243
6085.880
6090.785
6096.16309
6098.803
6101.162
6103.539
6104.590
6105.635
6113.466
6114.92334
6118.027
6119.657
6123.362
6127.416
6128.44971
6128.723
6138.656
6142.05
6143.06250
6143.063
6145.441
6150.384
6155.239
6163.59375
6165.123
6170.174
6172.278
6173.096
6179.419
6182.146
6187.135
6201.100
6212.503
6215.938
6217.2813
6230.922
6239.712
6243.120
6248.406
6266.495
6278.645
6293.745
6295.446
6296.872
6304.7892
6307.657
6309.160
6313.692
6324.416
6328.165
6333.146
6334.4279
6348.232
6364.894
6369.575
6382.9914
6384.717
6393.797
6394.729
6396.610
6399.207
6402.246
6403.013
6408.904
6416.307
6418.370
6422.897
6431.555
6437.600
6441.900
6443.860
6444.712
6466.553
6468.048
6472.429
6481.145
6483.083
6493.969
6499.106
6506.5279
6513.846
6532.8824
6538.112
6594.66
6596.114
6598.678
6598.9529
6604.853
6620.967
6632.084
6638.221
6639.740
6643.698
6652.092
6656.939
6660.676
6664.051
6666.359
6677.282
6678.277
6684.293
6698.875
6698.876
6717.0428
6719.218
6722.890
6752.834
6754.30
6756.163
6766.612
6779.933
6808.531
6818.291
6827.249
6851.884
6861.269
6863.535
6871.289
6879.582
6887.088
6888.174
6929.468
6937.664
6951.478
6960.250
6965.431
6992.213
7024.051
7030.251
7032.4127
7051.294
7059.109
7067.218
7068.734
7086.704
7107.478
7112.2
7125.820
7147.042
7158.839
7173.939
7206.980
7245.167
7265.172
7270.664
7272.936
7304.82
7311.716
7316.005
7353.293
7372.118
7383.981
7392.980
7412.337
7425.294
7435.368
7438.899
7471.164
7471.168
7472.439
7484.24
7484.327
7488.872
7500.656
7503.869
7510.408
7514.652
7535.775
7544.046
7544.046
7562.01
7579.02
7589.32
7618.33
7628.86
7635.106
7652.36
7670.04
7704.81
7723.7611
7724.63
7798.55
7814.33
7825.66
7839.08
7861.91
7868.195
7891.075
7895.83
7902.57
7927.11
7933.13
7937.01
7943.180
7943.181
7948.176
7972.01
8006.157
8014.786
8046.117
8053.308
8053.309
8082.458
8092.634
8095.55
8103.693
8115.311
8118.549
8118.550
8128.908
8128.93
8136.406
8178.96
8235.30
8248.681
8248.70
8259.379
8259.380
8264.5225
8266.076
8277.60
8300.326
8365.746
8377.607
8384.724
8408.210
8424.6475
8463.357
8484.444
8484.45
8495.36
8503.46
8521.4422
8544.695
8544.70
8571.353
8571.360
8582.91
8591.259
8605.776
8620.460
8634.648
8647.05
8654.383
8667.9442
8678.408
8679.491
8679.492
8681.920
8681.922
8704.113
8704.15
8736.63
8761.686
8761.691
8771.70
8771.860
8771.885
8780.622
8783.755
8784.59
8799.088
8840.82
8849.97
8853.867
8865.67
8865.755
8874.84
8905.658
8919.50
8931.326
8962.147
8962.19
8970.98
8986.615
8988.58
9008.455
9017.596
9057.23
9066.77
9073.34
9075.395
9122.9674
9148.68
9194.639
9198.61
9201.76
9219.003
9220.05
9221.59
9224.499
9226.67
9275.53
9291.531
9300.85
9310.58
9326.52
9354.220
9373.28
9402.69
9425.38
9459.09
9459.21
9486.680
9534.17
9547.40
9657.786
9665.424
9784.503


