3718.207
3729.309
3737.889
3765.270
3766.119
3780.840
3803.172
3834.679
3850.581
3868.528
3891.980
3925.719
3928.623
3932.547
3946.097
3947.505
3948.979
3974.477
3979.356
3992.054
3994.792
4013.857
4033.809
4035.460
4038.804
4042.894
4044.418
4045.965
4052.921
4072.11
4076.72
4079.574
4080.645
4082.387
4097.140
4103.912
4112.815
4128.640
4131.724
4156.086
4158.591
4164.180
4179.297
4181.884
4190.87
4198.317
4200.675
4217.431
4218.665
4222.637
4226.988
4228.158
4229.870
4237.420
4251.185
4259.362
4266.286
4272.169
4277.528
4282.898
4300.101
4309.239
4331.200
4333.561
4335.338
4345.168
4348.064
4352.205
4362.066
4367.832
4370.753
4375.954
4379.667
4385.057
4400.097
4400.986
4420.912
4426.001
4430.189
4433.838
4439.461
4448.879
4474.759
4481.811
4490.982
4498.538
4502.927
4510.733
4522.323
4536.552
4545.052
4563.743
4579.350
4589.899
4596.097
4598.763
4609.567
4628.441
4637.233
4651.124
4657.901
4702.316
4726.868
4732.053
4735.906
4764.865

4806.021
4847.810
4865.911
4876.261
4879.864
4888.261
4889.042
4904.752
4933.209
4956.750
4965.080
4972.160
5009.334
5017.163
5048.813
5054.178
5060.079
5062.037
5090.495
5105.541
5118.202
5125.765
5141.783
5145.308
5151.391
5153.235
5162.285
5165.773
5176.229
5177.540
5187.746
5214.774
5218.202
5221.271
5241.091
5252.788
5254.465
5264.782
5286.887
5292.517
5305.688
5317.726
5329.698
5345.81
5347.412
5358.363
5373.494
5387.37
5393.971
5397.516
5402.605
5407.344
5410.473

5421.352
5439.989
5442.248
5443.24
5451.652
5454.307
5457.416
5467.161
5473.452
5490.119
5495.874
5506.113
5524.957
5528.93
5534.45
5540.90
5554.050
5558.702
5572.541
5577.685
5581.871
5588.720
5597.476
5601.122
5606.733
5618.010
5620.913
5623.778
5625.678
5635.575
5637.32
5639.14
5641.375
5648.686
5650.704
5654.457
5659.127
5672.952
5681.900
5689.91
5691.661
5700.873
5712.48
5738.387
5739.520
5772.114
5774.009
5782.130
5783.536
5786.555
5789.474
5802.080
5812.760

5834.263
5843.778
5860.310
5870.454
5882.624
5888.584
5912.085
5916.599
5927.126
5928.813
5940.855
5942.669
5949.258
5964.472
5968.320
5971.601
5981.924
5985.914
5987.302
5989.339
5994.66
5998.999
6005.724
6013.678
6025.150
6032.127
6043.223
6044.468
6046.898
6052.723
6059.373
6064.751
6081.243
6085.880
6090.785
6098.803
6101.162
6103.539
6104.590
6105.635
6113.466
6114.923
6119.657
6123.362
6127.416
6128.723
6138.656
6142.05
6145.441
6155.239
6165.123
6170.174
6172.278
6173.096

6179.419
6187.135
6201.100
6212.503
6215.938
6230.922
6239.712
6243.120
6248.406
6278.645
6295.446
6296.872
6307.657
6309.160
6324.416
6333.146
6348.232
6357.15
6364.894
6369.575
6384.717
6393.797
6394.729
6396.610
6399.207
6403.013
6408.904
6416.307
6418.370
6422.897
6431.555
6437.600
6441.900
6443.860
6466.553
6468.048
6472.429
6481.145
6483.083
6493.969
6499.106
6513.846
6538.112
6594.66
6596.114
6598.678
6604.853
6620.967
6632.084
6638.221
6639.740
6643.698
6656.939
6660.676
6664.051
6666.359
6677.282
6684.293
6698.876
6719.218
6722.890
6752.834
6754.30
6756.163
6766.612
6779.933
6808.531
6818.291
6827.249
6851.884
6861.269
6863.535
6871.289
6879.582
6887.088
6888.174
6937.664
6951.478
6960.250
6965.431
6992.213
7030.251
7067.218
7068.734
7086.704
7107.478
7125.820
7147.042
7158.839
7206.980
7265.172
7270.664
7272.936
7311.716
7316.005
7353.293
7372.118
7383.981
7392.980
7412.337
7425.294
7435.368
7471.164
7484.327
7500.656
7503.869
7510.408
7514.652
7618.33
7628.86
7635.106
7670.04
7723.98
7798.55
7814.33
7861.91
7868.195
7891.075
7948.176
8006.157
8014.786
8046.117
8053.309
8103.693
8115.311
8264.522
8384.724
8408.210
8424.647
8521.442
8605.776
8620.460
8667.944
8678.408
8736.63
8761.686
8771.860
8784.59
8799.088
8840.82
8849.97
8874.84
8905.658
8931.326
8962.147
8986.615
9008.455
9017.596
9057.23
9073.34
9075.395
9122.967
9194.639
9198.61
9219.003
9224.499
9291.531
9354.220
9402.69
9459.09
9657.786
9784.503
