3247.540
3273.962
3447.703
3520.472
3713.08
3777.13
3947.53
4022.66
4043.90
4072.11
4103.912
4131.724
4158.591
4181.884
4190.87
4198.32
4259.362
4275.11
4277.528
4300.101
4331.31
4348.064
4370.753
4427.05
4474.759
4481.811
4510.733
4530.82
4545.052
4579.350
4589.899
4609.567
4651.13
4657.901
4702.316
4704.395
4726.868
4735.906
4764.865
4806.021
4847.810
4879.864
4884.915
4889.042
4933.209
4965.08
5009.334
5017.163
5037.7505
5062.037
5080.383
5090.495
5105.541
5116.503
5141.783
5153.235
5162.285
5187.746
5218.202
5221.07
5253.13
5330.778
5341.091
5373.494
5400.5619
5421.352
5451.652
5495.874
5506.113
5524.957
5558.702
5572.541
5606.733
5650.704
5681.900
5689.910
5739.520
5748.299
5764.418
5772.114
5802.080
5834.263
5852.4878
5860.310
5881.8950
5882.624
5888.584
5912.085
5928.813
5944.834
5975.534
5987.302
5998.999
6025.150
6030.000
6032.127
6043.223
6052.723
6059.373
6074.338
6096.163
6098.803
6105.635
6114.923
6143.063
6145.441
6155.239
6163.594
6172.03
6214.02
6217.281
6243.120
6266.495
6296.872
6304.789
6307.657
6334.428
6369.575
6382.991
6384.717
6402.247
6416.307
6506.528
6532.882
6598.953
6677.282
6678.277
6684.293
6717.043
6752.834
6871.289
6929.468
6937.664
6965.430
7030.252
7032.413
7067.218
7107.478
7125.820
7147.042
7173.939
7206.980
7245.167
7272.936
7311.716
7353.293
7372.118
7383.981
7435.368
7438.899
7471.164
7488.872
7503.869
7514.652
7535.775
7635.106
7723.98
7891.075
7943.180
7948.176
8006.157
8014.786
8053.309
8082.458
8103.693
8115.311
8136.406
8264.523
8266.08
8300.326
8377.607
8408.210
8418.427
8424.648
8495.360
8521.442
8591.258
8605.776
8634.648
8654.383
8667.944
8761.686
8849.970
8853.866
8865.670
8919.500
9075.395
9122.967
9148.680
9194.639
9224.499
9291.531
9300.850
9326.520
9354.220
9425.380
9657.786
9665.424
9784.503

