3947.53
4043.90
4072.11
4103.912
4131.724
4158.591
4181.884
4190.87
4199.63
4259.362
4277.528
4300.101
4331.31
4348.064
4370.753
4427.05
4474.759
4481.811
4510.733
4545.052
4579.350
4589.899
4609.567
4657.901
4702.316
4726.868
4735.906
4764.865
4806.021
4847.810
4879.864
4889.042
4933.209
4965.08
5009.334
5017.163
5062.037
5090.495
5141.783
5162.285
5187.746
5221.07
5253.13
5373.494
5421.352
5451.652
5495.874
5506.113
5524.957
5558.702
5572.541
5606.733
5650.704
5681.900
5689.910
5739.520
5772.114
5802.080
5834.263
5860.310
5882.624
5888.584
5912.085
5928.813
5987.302
5998.999
6025.150
6032.127
6043.223
6052.723
6059.373
6098.803
6105.635
6114.923
6145.441
6155.239
6172.03
6214.02
6243.120
6296.872
6307.657
6369.575
6384.717
6416.307
6677.282
6684.293
6752.834
6871.289
6937.664
6965.430
7030.252
7067.218
7107.478
7125.820
7147.042
7206.980
7272.936
7311.716
7353.293
7372.118
7383.981
7435.368
7471.164
7503.869
7514.652
7635.106
7723.98
7891.075
7948.176
8006.157
8014.786
8053.309
8103.693
8115.311
8264.523
8408.210
8424.648
8521.442
8605.776
8667.944
8761.686
8849.970
9075.395
9122.967
9194.639
9224.499
9291.531
9354.220
9657.786
9784.503
