3247.540
3273.962
3447.703
3520.472
3713.08
3777.13
4022.66
4275.11
4530.82
4651.13
4704.395
4884.915
5037.7505
5080.383
5105.541
5116.503
5153.235
5218.202
5330.778
5341.091
5400.5619
5748.299
5764.418
5852.4878
5881.8950
5944.834
5975.534
6030.000
6074.338
6096.163
6143.063
6163.594
6217.281
6266.495
6304.789
6334.428
6382.991
6402.247
6506.528
6532.882
6598.953
6678.277
6717.043
6929.468
7032.413
7173.939
7245.167
7438.899
7488.872
7535.775
7943.180
8082.458
8136.406
8266.08
8300.326
8377.607
8418.427
8495.360
8591.258
8634.648
8654.383
8853.866
8865.670
8919.500
9148.680
9300.850
9326.520
9425.380
9665.424

