3247.540
3273.962
3279.82
3323.75
3334.87
3337.84
3369.87
3378.28
3417.904
3447.703
3454.195
3466.579
3472.571
3501.217
3520.472
3530.39
3568.53
3593.56
3600.169
3664.11
3694.20
3709.64
3713.08
3727.08
3766.29
3777.13
3829.77
4022.66
4062.84
4174.37
4219.76
4231.60
4275.11
4290.40
4379.50
4391.94
4397.94
4409.30
4413.20
4428.54
4430.90
4480.36
4509.39
4530.82
4537.704
4651.130
4656.3923
4704.395
4715.344
4724.48
4752.7313
4818.40
4821.924
4827.34
4837.312
4884.915
4909.726
4957.033
5005.160
5016.61
5031.3484
5037.7505
5074.200
5080.383
5105.541
5113.675
5116.503
5122.30
5144.97
5153.235
5158.89
5188.612
5193.18
5203.895
5208.863
5218.202
5222.351
5234.028
5274.04
5280.09
5292.52
5298.190
5304.756
5326.396
5330.778
5341.091
5343.284
5349.21
5352.67
5355.30
5360.012
5372.31
5374.975
5400.562
5412.66
5418.56
5433.65
5494.41
5562.769
5652.57
5656.659
5662.547
5689.817
5700.24
5719.225
5748.298
5760.59
5764.418
5782.13
5804.449
5811.42
5820.155
5828.91
5852.488
5881.895
5902.464
5944.834
5965.474
5975.534
6029.997
6074.338
6096.163
6128.451
6143.063
6163.594
6217.281
6266.495
6304.789
6334.428
6382.991
6402.247
6506.528
6532.882
6598.953
6652.09
6678.277
6717.043
6929.468
7024.051
7032.413
7059.109
7173.939
7245.167
7438.899
7472.43
7488.872
7535.775
7544.046
7562.01
7579.02
7652.36
7724.63
7726.64
7825.66
7839.08
7895.83
7902.57
7927.11
7933.13
7937.01
7943.180
7972.01
8082.458
8092.63
8095.55
8118.550
8128.93
8136.406
8235.30
8248.70
8259.380
8266.076
8277.60
8300.326
8365.75
8377.607
8418.427
8463.37
8484.45
8495.36
8503.46
8544.70
8571.360
8582.91
8591.259
8634.648
8647.05
8654.383
8679.491
8681.920
8704.15
8771.70
8780.622
8783.755
8853.867
8865.67
8919.50
8988.58
9148.68
9201.76
9220.05
9221.59
9226.67
9275.53
9300.85
9310.58
9313.98
9326.52
9373.28
9425.38
9459.21
9486.680
9534.17
9547.40
9665.424

