1172.67 4589.96
1329.66 4879.89
1375.68 4965.01
1610.64 5400.48
1853.71 5852.38
1869.57 5881.91
1903.35 5944.83
1919.82 5975.52
1949.07 6030.03
1972.86 6074.38
1984.54 6096.17
2009.66 6143.00
2020.71 6163.63
2049.45 6217.25
2075.84 6266.51
2096.34 6304.78
2112.27 6334.52
2138.29 6383.10
2148.54 6402.25
2204.40 6506.63
2218.45 6532.89
2253.79 6598.96
2296.20 6678.27
2316.90 6717.00
2430.39 6929.46
2449.61 6965.45
2485.32 7032.36
2503.92 7067.20
2560.84 7173.90
2598.79 7245.07
2613.61 7272.87
2672.84 7383.98
2702.08 7438.87
2728.74 7488.90
2736.73 7503.91
2742.42 7514.58
2753.77 7535.89
2806.63 7635.15
2853.97 7724.09
2973.15 7948.07
3008.61 8014.74
3062.14 8115.42
3141.42 8264.57
3201.42 8377.48
3217.76 8408.25
3264.01 8495.30
3348.49 8654.37
3597.24 9123.01
